

w_70 = [1.87 6.283 6.9113 7.5396 7.66526 7.79 7.92 8.04224, ...
    8.1679 8.29356 8.41922 8.55 8.68 8.7962 9.43 10.0528 14.4];
A_70 = [0.000538 0.00125 0.00196 0.00305 0.00378 0.00478 0.00644, ...
    0.01 0.0155 0.0154 0.0104 0.00692 0.00493 0.00381 0.00172 0.0014 0.000252];

w_40 = [3.52 7.92 8.55 9.17 9.3 9.42 9.55 9.67, ...
    9.84 9.93 10 10.2 10.3 10.4 11.1 11.7 16.1];
A_40 = [0.00063 0.0015 0.00219 0.00417 0.00514 0.00668 0.00906 0.0127, ...
    0.0138 0.0119 0.00918 0.00674 0.00517 0.00416 0.00198 0.00126 0.000338];

w_20 = [5.21 9.61299 10.24129 10.86959 10.99525 11.12091 11.24657 11.37223, ...
    11.49789 11.62355 11.74921 11.87487 12.00053 12.12619 12.75449 13.38279 17.8];
A_20 = [0.000687 0.00183 0.00251 0.00478 0.00595 0.00769 0.0095 0.011, ...
    0.0113 0.0106 0.00877 0.00704 0.00582 0.00455 0.00242 0.00157 0.000571];
